1 0CF083E8D764 4501274555
2 100382010 4501192465
13 1006774 4502328718
1 100772 4501225569
4 1009298 4501180439
5 1009505 4501180439
4 1009506 4501180439
3 1009509 4501180439
2 101738814 4501192465
2 101965 4502142926
1 1019912 4501276431
1 1019913 4501278229
2 102254 4502238533
2 102258 4502238533
2 102260 4502238533
2 102265 4502238533
2 102269 4502238533
2 102280 4502238533
2 102284 4502238533
2 102306 4502238533
2 102309 4502238533
2 102314 4502238533
2 102346 4502142926
2 102612 4502238533
2 102677 4502238533
2 102706 4502238533
2 102725 4502238533
2 102735 4502238533
2 102864 4502238533
2 103171 4502238533
2 103441 4502142926
1 103471 4502246426
2 104601 4502238533
2 104620 4502238533
1 10504 4501223108
2 105071 4502238533
1 1056 4501131110
1 106152 4501722671
2 107042 4502142926
1 107275 4502142926
2 107374 4502238533
2 107398 4502142926
2 107749 4502142926
1 108043 4502246426
2 108977 4502238533
2 1102140459 4501272449
1 1102140601 
2 112056 4502142926
2 112104 4502238533
1 112157 4502301564
2 112334 4502142926
1 112506 4501722671
1 113071 4502246426
3 113359 4501278221
1 114352 4502246426
2 114447 4502142926
3 1145 
3 1146 
3 1147 
3 1148 
1 115615 4502140975
1 117587 4502246426
1 119794 4502238533
1 12012 5500240107
1 1215 4501190809
2 121917 4502142926
1 123331 4502142926
2 123434 4502238533
2 124118 4502142926
2 124128 4502142926
2 124236 4502142926
2 124352 4502142926
1 124474 4502142926
1 12560 4502303927
2 125878 4502142926
2 127302 4502142926
2 127322 4502142926
1 12807 4501130190
2 128442 4502142926
2 128452 4502142926
2 130315 4502142926
2 130351 4502142926
2 130387 4502142926
2 130412 4502142926
2 130565 4502142926
1 13258 4501272052
1 13279 4502329131
2 132994 4502142926
3 1336 4501270489
1 13409 4501190489
1 13413 4501190484
2 135042 4502142926
2 135087 4502238533
2 135145 4502142926
2 135187 4502142926
2 135207 4502142926
1 1356914 4501194359
1 1356990 4501269682
1 1357193 4501278535
1 1358339 4501269682
1 1359069 4501269682
1 135932 4502246426
1 135937 4502246426
2 136103 4502142926
1 13660 4501182549
1 13663 4501185826
7 13789 4501096054
1 138154430 5500028263
2 138306 4502142926
2 138316 4502142926
1 13914 5500153189
2 139743 4502238533
1 14037 
1 14144 4501185829
1 14155 4501200807
1 14156 4501202207
1 14158 4501202207
2 142009 4502142926
2 142037 4502142926
2 142049 4502142926
2 142060 4502142926
1 142490 4502246426
2 143043 4502142926
1 143119 
1 143344 4502246426
2 14379 5500177962
1 143953 4502238533
3 14396 5500173803
1 1440 4501270103
2 144278 4502142926
1 14433 5500177868
2 144487 4502142926
2 144535 4502142926
2 144554 4502142926
2 144595 4502142926
2 144732 4502142926
2 144749 4502142926
2 144796 4502142926
2 144816 4502142926
2 144922 4502142926
2 144963 4502238533
2 145033 4502142926
2 145038 4502142926
2 145082 4502142926
2 145083 4502142926
2 145094 4502142926
1 145129 4502238533
2 145282 4502142926
2 145303 4502142926
2 145347 4502142926
2 145383 4502142926
2 145397 4502142926
2 145578 4502142926
2 145581 4502142926
2 145589 4502142926
2 145653 4502142926
1 1473 4501213564
2 147990 4502142926
1 148943 4502238533
2 148968 4502142926
2 148972 4502142926
2 148994 4502142926
2 148996 4502142926
2 149583 4501267511
2 149584 4501267511
2 150912 4502142926
2 150956 4502142926
2 1510 4501122919
2 151011 4502142926
2 151129 4502142926
2 151455 4502142926
1 152027 4501221105
2 152224 4502238533
2 152677 4502142926
2 154386 4502142926
1 154844 4502246426
1 155717 4501226713
2 156206 4502142926
2 156256 4502142926
1 156331 4502246426
3 1566 4501272682
1 157112 4502188184
1 15719 4502039031
2 158135 4502142926
1 15872 4502206420
1 15899 4502064108
1 15965 4502094854
1 15978 4501267836
1 15997 4502206420
2 160108 4502142926
2 160125 4502142926
2 160128 4502142926
2 160163 4502142926
2 160243 4502335354
2 161003 4502335354
1 16143 4502117251
1 16181 4502077568
8 161863 4501823493
2 162422 4502142926
2 162441 4502142926
2 162472 4502142926
2 162530 4502142926
2 163810 4502142926
2 163819 4502142926
2 163821 4502142926
2 163848 4502142926
2 163972 4502142926
2 163979 4502142926
2 164005 4502142926
2 164016 4502335354
1 1649655 4501172441
2 167121 4502142926
2 167259 4502142926
2 167271 4502142926
2 167415 4502142926
2 167440 4502142926
2 167527 4502142926
2 167579 4502142926
1 1690 4501832669
1 17003529 5500022004
1 17230 4502258317
1 17260 4502258321
1 17274 4501201345
1 173653 4502246426
4 17506 4501174536
1 175347 4502329091
1 18203 4501205666
1 1831 4501252712
1 1871 4501243395
1 1872 4501243395
1 1873 4501243395
1 1950453759 4501278753
1 1950453767 4501277896
1 1950453796 4502345757
1 1979 4501189037
2 1BFDC68CEDE1 4501171266
1 2 4502088082
1 20079 5500029088
1 20166 5500029088
1 202 
7 20230459 4502308629
12 20230478 4502317747
2 206734 4501141195
1 20689 4502227644
1 20690 4502224717
1 2084228 5500158455
1 2099 4501832669
1 21036 4502249155
2 21049 4502249620
1 21122 4501172588
1 21131 4501172588
1 21163 4501172588
1 2124049 4502336448
1 21274 4501197723
19 21284 
1 21373 4501165609
1 21459 4501202711
1 21460 4501202711
1 21467 4501202711
1 21912 4501165609
1 22 4501229832
1 22150 4501165609
1 22167 4501165609
3 2217 4502225069
1 2218 4502225069
3 2220 4502225069
3 2222 4502225069
1 22326 4501209867
2 226028735 4501078284
1 2272 4501832669
1 22800 4501215215
3 229285 
1 2300095 4501253075
2 231884665 4501078284
2 234603654 4501078284
1 23539 4501215215
2 237320119 4501078284
1 23795 4501110106
1 23836 4501230485
21 23848 4501075798
1 2386 4501132710
1 2405 4501832669
1 24525 4501230485
1 246 4502227543
1 24823 4501230485
1 24837 4501230485
1 25 4501229832
1 2505177 4501257748
1 25140 4501137100
1 2764 4502286485
32 283 4501216101
7 283 4501269488
1 283 4501832669
1 28385 4501203653
1 29 4502220072
1 298 4501203537
1 299 4502227543
1 30297 4502242683
8 31119697 
1 320 4501832669
6 32151331 4501241644
1 322 4501832669
1 32238528 4501274465
1 32238545 4501272698
1 32456 4502035067
1 32541 4501277970
1 33197 4501216132
1 332 4502227543
1 3321242912 4501278423
1 33419 4501221585
1 33565 4502143761
1 339 4502227543
1 33942 4502143761
1 33974 4502143761
1 33994 4502098607
1 34041 4502143761
1 34077 4502143761
1 34694 4502102671
1 34915 4501980421
1 34920 4502102671
1 35177 4502102671
1 35181 4502102671
1 35188 4502102671
1 35190 4502102671
1 35302 4502074763
1 35359 4502102671
1 35360 4502102671
1 35385 4501980421
19 3556 4502323771
1 35690 4502166681
1 35858 4501980421
1 35859 4501980421
1 3597 4501192429
1 36093 4502102671
1 3628 4501242317
1 36441 4502143761
1 36448 4502035067
1 36449 4502035067
1 36455 4502035067
1 36457 4502035067
1 36460 4502035067
1 36462 4502035067
1 36464 4502035067
1 36522 4502035067
1 36524 4502035067
1 36542 4502098607
1 3671 4501832669
1 3683 4501186561
1 36842 4501851739
1 3685 4501200187
3 370421 4502318148
3 370439 4502319683
1 3707 4501258161
1 38520 4502143761
1 39400 4502161140
1 39403 4502164230
1 39424 4502158559
3 39470 4502165411
3 3951 4502162387
3 3952 4502165746
3 3953 4502162390
1 3986 4500655188
1 3987 4500655188
1 4007078 5500239291
1 4024084 5500238802
1 4041420 5500238699
1 4052243 5500239496
1 4052250 5500239496
1 4052253 5500239932
1 4052259 5500239429
1 408295 4501278134
1 41302 4502074763
1 4158379 5500261029
1 4158625 5500261027
1 41657 4501222766
1 42031 4502143761
1 42241 
1 425 4501980421
3 42818 4502278584
2 42946 4502281373
1 43006 5500242303
1 4345 4502334395
5 43586 4501267845
2 43604 4501268737
1 43990 4502070671
5 44416 4501276758
1 4478 5500238249
1 4479 5500238245
1 4480 5500238246
1 4495 
1 4498 5500243330
1 4499 5500243330
1 45 4502172572
1 4500 5500243331
1 4501 5500243331
10 4515100399800 4502228495
8 4515100404000 
1 4522 5500238248
1 4535 
1 46197 4502342380
38 4727 
1 4729 4501268286
1 489 4501273375
2 4930 4501276902
3 4958 
3 4967 
2 49890 4501265023
1 50480 4502342380
6 508203 4501220527
1 50912 4501225104
1 51 4501270259
1 51608 4501263544
2 5179056 4501194359
1 52 4501270259
2 52171 4501277237
1 5227 4501149152
2 5235681 4501194359
1 5235688 4501232168
1 5235689 4501232168
1 5235690 4501232168
1 5237618 4501232168
2 5240587 4501194359
1 5242371 4501146910
1 5246607 4501232168
3 5246772 4501269682
8 5301 4501154332
2 5504104717 4502331486
1 5504106229 4502339667
1 5504106420 4501273128
9 5504113296 4501274230
1 5504113603 4501274230
1 5504121494 4502336668
1 5504122719 4501277804
4 5504125257 4501276681
3 551 4501253121
1 5561 4501248428
1 55867 
1 56 4501247838
1 58 4501259518
1 58825 
1 591 4502227543
2 59497 4502142926
2 59605 4502142926
3 5963 
3 5975 
2 59859 4502142926
2 59934 4502142926
4 600257416 4502333448
2 60099 4502142926
2 60239 4502142926
2 60250 4502142926
1 60629 
2 60717 4502142926
1 61 4501262704
2 61065 4502142926
2 61216 4502142926
2 61625 4502142926
2 61635 4502142926
2 61989 4502142926
2 62099 4502142926
1 6221 4501132712
2 62555 4502142926
1 629 
2 63636 4502142926
3 637 
2 63834 4502142926
2 64090 4502142926
1 64261 4502175734
1 643 
2 64361 4502142926
2 64429 4502142926
1 649 
2 64965 4502142926
1 6534 4501254823
2 65445 4502142926
2 65633 4502142926
3 6582 4501196012
3 6583 4501203993
2 65875 4502142926
2 65899 4502142926
2 65926 4502142926
2 65964 4502142926
2 66244 4502142926
2 66266 4502142926
2 66278 4502142926
2 66335 4502142926
2 66351 4502142926
2 66531 4502142926
2 66860 4502142926
1 66874 
2 67310 4502142926
2 67311 4502142926
2 67316 4502142926
2 67339 4502142926
2 67418 4502142926
2 67427 4502073648
2 67696 4502142926
2 67716 4502142926
2 67723 4502142926
2 67792 4502142926
2 67993 4502142926
2 68373 4502142926
2 68748 4502142926
2 68936 4502073648
2 69070 4502142926
2 69396 4502142926
1 694 
2 69605 4502142926
2 69646 4502142926
2 69666 4502142926
2 69789 4502142926
2 69898 4502142926
2 69996 4502073648
2 70010 4502142926
2 70088 4502142926
2 70365 4502142926
2 70567 4502142926
2 70586 4502142926
2 70706 4502142926
1 708 
2 70858 4502142926
2 70879 4502142926
2 70917 4502142926
2 71205 4502142926
2 71207 4502142926
2 71542 4502142926
2 71565 4502142926
2 71627 4502142926
2 71673 4502073648
2 72221 4502073648
1 7223 4501276052
2 72430 4502142926
2 72523 4502142926
2 72536 4502142926
2 72550 4502073648
1 72581 4502326465
1 72582 4502328647
7 72626 4502329168
4 72637 4502329750
10 72639 4502329167
11 72640 4502329591
1 72695 4502319334
1 72696 4502327923
1 72697 4502329139
2 73052 4502073648
2 73089 4502142926
1 73263 4502338005
2 73328 4502142926
1 73366 5500261743
2 73413 4502142926
2 73433 4502142926
1 73830 4502220951
2 73975 4502142926
2 74080 
3 74088 
3 74090 
1 74210 4502220951
2 74494 4502142926
2 74618 4502073648
2 74641 4502142926
2 74793 4502142926
2 74869 4502142926
2 74991 4502142926
1 7537 4501120898
2 76280 4502073648
2 76299 4502073648
1 764 4501275757
2 76439 4502073648
2 76492 4502142926
1 76833 4502220951
2 77029 4502142926
2 77055 4502142926
2 77057 4502142926
1 77143 4502220951
2 77166 4502142926
2 77424 4502142926
2 77427 4502142926
1 77445 4502220951
2 77450 4502142926
2 77475 4502142926
2 77521 4502142926
1 77539 4502220951
2 77716 4502142926
2 78044 4502142926
3 78092 4501191995
2 78106 4502142926
2 78119 4502142926
2 78427 4502142926
3 785 
2 78557 4502142926
3 786 
2 78706 4502142926
2 78736 4502142926
2 79015 4502073648
2 79031 4502142926
2 79086 4502142926
2 79124 4502073648
2 79284 4502073648
2 79289 4502142926
2 79321 4502142926
2 79369 4502142926
2 79371 4502142926
2 79436 4502142926
2 79460 4502142926
2 79477 4502142926
2 79571 4502142926
2 79590 4502142926
2 79619 4502142926
2 79646 4502142926
1 798 
1 799 
2 79972 4502142926
2 80092 4502142926
2 80108 4502142926
2 80171 4502142926
2 80224 4502073648
2 80268 4502142926
2 80280 4502142926
2 80302 4502142926
2 80314 4502073648
2 80429 4502073648
2 80531 4502142926
2 80543 4502142926
2 80607 4502142926
2 80659 4502142926
2 80717 4502073648
2 80858 4502142926
2 80866 4502073648
2 80893 4502073648
2 80898 4502142926
2 80949 4502142926
2 80975 4502142926
2 80990 4502142926
5 81830 4502243616
1 81831 4502241325
2 82 4501257587
1 831 4502227543
1 83291 4501241097
1 84861 4502142926
2 85693 4502073648
1 86451 
1 865 4501245528
1 8656 4501261088
1 8664 4502339531
1 872 4502117358
1 877 4502105003
1 878 4502117358
2 87844 4502142926
2 88454 4502142926
2 89091 4502142926
2 89876 4502142926
2 90133 4502238533
1 90783324 5500229030
1 91272011 5500019320
2 91339024 
1 91341130 
2 91569 4502142926
2 919203458 4501252889
2 92445 4502238533
2 92569 4502142926
2 92925 4502142926
2 93105 4502142926
2 93558 4502238533
2 93603 4502238533
2 93615 4502142926
2 93748 4502142926
1 93799 4502245518
1 9460 4501254861
1 948223 5500210202
2 96831 4502238533
1 9693 
2 97293 4502142926
2 97300 4502238533
2 97357 4502142926
2 97655 4502238533
1 98002234 4501117481
5 9809 
2 98628 4502142926
1 989 4501832669
6 98984 4502281891
1 A 186659 
1 A6CD76357ED4 4501271741
1 RAM4054945 5500238689
