0CF083E8D764	4501274555
100382010	4501192465
100382010	4501192465
1006774	4502328718
1006774	4502328718
1006774	4502328718
1006774	4502328718
1006774	4502328718
1006774	4502328718
1006774	4502328718
1006774	4502328718
1006774	4502328718
1006774	4502328718
1006774	4502328718
1006774	4502328718
1006774	4502328718
100772	4501225569
1009298	4501180439
1009298	4501180439
1009298	4501180439
1009298	4501180439
1009505	4501180439
1009505	4501180439
1009505	4501180439
1009505	4501180439
1009505	4501180439
1009506	4501180439
1009506	4501180439
1009506	4501180439
1009506	4501180439
1009509	4501180439
1009509	4501180439
1009509	4501180439
101738814	4501192465
101738814	4501192465
101965	4502142926
101965	4502142926
1019912	4501276431
1019913	4501278229
102254	4502238533
102254	4502238533
102258	4502238533
102258	4502238533
102260	4502238533
102260	4502238533
102265	4502238533
102265	4502238533
102269	4502238533
102269	4502238533
102280	4502238533
102280	4502238533
102284	4502238533
102284	4502238533
102306	4502238533
102306	4502238533
102309	4502238533
102309	4502238533
102314	4502238533
102314	4502238533
102346	4502142926
102346	4502142926
102612	4502238533
102612	4502238533
102677	4502238533
102677	4502238533
102706	4502238533
102706	4502238533
102725	4502238533
102725	4502238533
102735	4502238533
102735	4502238533
102864	4502238533
102864	4502238533
103171	4502238533
103171	4502238533
103441	4502142926
103441	4502142926
103471	4502246426
104601	4502238533
104601	4502238533
104620	4502238533
104620	4502238533
10504	4501223108
105071	4502238533
105071	4502238533
1056	4501131110
106152	4501722671
107042	4502142926
107042	4502142926
107275	4502142926
107374	4502238533
107374	4502238533
107398	4502142926
107398	4502142926
107749	4502142926
107749	4502142926
108043	4502246426
108977	4502238533
108977	4502238533
1102140459	4501272449
1102140459	4501272449
1102140601	
112056	4502142926
112056	4502142926
112104	4502238533
112104	4502238533
112157	4502301564
112334	4502142926
112334	4502142926
112506	4501722671
113071	4502246426
113359	4501278221
113359	4501278221
113359	4501278221
114352	4502246426
114447	4502142926
114447	4502142926
1145	
1145	
1145	
1146	
1146	
1146	
1147	
1147	
1147	
1148	
1148	
1148	
115615	4502140975
117587	4502246426
119794	4502238533
12012	5500240107
1215	4501190809
121917	4502142926
121917	4502142926
123331	4502142926
123434	4502238533
123434	4502238533
124118	4502142926
124118	4502142926
124128	4502142926
124128	4502142926
124236	4502142926
124236	4502142926
124352	4502142926
124352	4502142926
124474	4502142926
12560	4502303927
125878	4502142926
125878	4502142926
127302	4502142926
127302	4502142926
127322	4502142926
127322	4502142926
12807	4501130190
128442	4502142926
128442	4502142926
128452	4502142926
128452	4502142926
130315	4502142926
130315	4502142926
130351	4502142926
130351	4502142926
130387	4502142926
130387	4502142926
130412	4502142926
130412	4502142926
130565	4502142926
130565	4502142926
13258	4501272052
13279	4502329131
132994	4502142926
132994	4502142926
1336	4501270489
1336	4501270489
1336	4501270489
13409	4501190489
13413	4501190484
135042	4502142926
135042	4502142926
135087	4502238533
135087	4502238533
135145	4502142926
135145	4502142926
135187	4502142926
135187	4502142926
135207	4502142926
135207	4502142926
1356914	4501194359
1356990	4501269682
1357193	4501278535
1358339	4501269682
1359069	4501269682
135932	4502246426
135937	4502246426
136103	4502142926
136103	4502142926
13660	4501182549
13663	4501185826
13789	4501096054
13789	4501096054
13789	4501096054
13789	4501096054
13789	4501096054
13789	4501096054
13789	4501096054
138154430	5500028263
138306	4502142926
138306	4502142926
138316	4502142926
138316	4502142926
13914	5500153189
139743	4502238533
139743	4502238533
14037	
14144	4501185829
14155	4501200807
14156	4501202207
14158	4501202207
142009	4502142926
142009	4502142926
142037	4502142926
142037	4502142926
142049	4502142926
142049	4502142926
142060	4502142926
142060	4502142926
142490	4502246426
143043	4502142926
143043	4502142926
143119	
143344	4502246426
14379	5500177962
14379	5500177962
143953	4502238533
14396	5500173803
14396	5500173803
14396	5500173803
1440	4501270103
144278	4502142926
144278	4502142926
14433	5500177868
144487	4502142926
144487	4502142926
144535	4502142926
144535	4502142926
144554	4502142926
144554	4502142926
144595	4502142926
144595	4502142926
144732	4502142926
144732	4502142926
144749	4502142926
144749	4502142926
144796	4502142926
144796	4502142926
144816	4502142926
144816	4502142926
144922	4502142926
144922	4502142926
144963	4502238533
144963	4502238533
145033	4502142926
145033	4502142926
145038	4502142926
145038	4502142926
145082	4502142926
145082	4502142926
145083	4502142926
145083	4502142926
145094	4502142926
145094	4502142926
145129	4502238533
145282	4502142926
145282	4502142926
145303	4502142926
145303	4502142926
145347	4502142926
145347	4502142926
145383	4502142926
145383	4502142926
145397	4502142926
145397	4502142926
145578	4502142926
145578	4502142926
145581	4502142926
145581	4502142926
145589	4502142926
145589	4502142926
145653	4502142926
145653	4502142926
1473	4501213564
147990	4502142926
147990	4502142926
148943	4502238533
148968	4502142926
148968	4502142926
148972	4502142926
148972	4502142926
148994	4502142926
148994	4502142926
148996	4502142926
148996	4502142926
149583	4501267511
149583	4501267511
149584	4501267511
149584	4501267511
150912	4502142926
150912	4502142926
150956	4502142926
150956	4502142926
1510	4501122919
1510	4501122919
151011	4502142926
151011	4502142926
151129	4502142926
151129	4502142926
151455	4502142926
151455	4502142926
152027	4501221105
152224	4502238533
152224	4502238533
152677	4502142926
152677	4502142926
154386	4502142926
154386	4502142926
154844	4502246426
155717	4501226713
156206	4502142926
156206	4502142926
156256	4502142926
156256	4502142926
156331	4502246426
1566	4501272682
1566	4501272682
1566	4501272682
157112	4502188184
15719	4502039031
158135	4502142926
158135	4502142926
15872	4502206420
15899	4502064108
15965	4502094854
15978	4501267836
15997	4502206420
160108	4502142926
160108	4502142926
160125	4502142926
160125	4502142926
160128	4502142926
160128	4502142926
160163	4502142926
160163	4502142926
160243	4502335354
160243	4502335354
161003	4502335354
161003	4502335354
16143	4502117251
16181	4502077568
161863	4501823493
161863	4501823493
161863	4501823493
161863	4501823493
161863	4501823493
161863	4501823493
161863	4501823493
161863	4501823493
162422	4502142926
162422	4502142926
162441	4502142926
162441	4502142926
162472	4502142926
162472	4502142926
162530	4502142926
162530	4502142926
163810	4502142926
163810	4502142926
163819	4502142926
163819	4502142926
163821	4502142926
163821	4502142926
163848	4502142926
163848	4502142926
163972	4502142926
163972	4502142926
163979	4502142926
163979	4502142926
164005	4502142926
164005	4502142926
164016	4502335354
164016	4502335354
1649655	4501172441
167121	4502142926
167121	4502142926
167259	4502142926
167259	4502142926
167271	4502142926
167271	4502142926
167415	4502142926
167415	4502142926
167440	4502142926
167440	4502142926
167527	4502142926
167527	4502142926
167579	4502142926
167579	4502142926
1690	4501832669
17003529	5500022004
17230	4502258317
17260	4502258321
17274	4501201345
173653	4502246426
17506	4501174536
17506	4501174536
17506	4501174536
17506	4501174536
175347	4502329091
18203	4501205666
1831	4501252712
1871	4501243395
1872	4501243395
1873	4501243395
1950453759	4501278753
1950453767	4501277896
1950453796	4502345757
1979	4501189037
1BFDC68CEDE1	4501171266
1BFDC68CEDE1	4501171266
2	4502088082
20079	5500029088
20166	5500029088
202	
20230459	4502308629
20230459	4502308629
20230459	4502308629
20230459	4502308629
20230459	4502308629
20230459	4502308629
20230459	4502308629
20230478	4502317747
20230478	4502317747
20230478	4502317747
20230478	4502317747
20230478	4502317747
20230478	4502317747
20230478	4502317747
20230478	4502317747
20230478	4502317747
20230478	4502317747
20230478	4502317747
20230478	4502317747
206734	4501141195
206734	4501141195
20689	4502227644
20690	4502224717
2084228	5500158455
2099	4501832669
21036	4502249155
21049	4502249620
21049	4502249620
21122	4501172588
21131	4501172588
21163	4501172588
2124049	4502336448
21274	4501197723
21284	
21284	
21284	
21284	
21284	
21284	
21284	
21284	
21284	
21284	
21284	
21284	
21284	
21284	
21284	
21284	
21284	
21284	
21284	
21373	4501165609
21459	4501202711
21460	4501202711
21467	4501202711
21912	4501165609
22	4501229832
22150	4501165609
22167	4501165609
2217	4502225069
2217	4502225069
2217	4502225069
2218	4502225069
2220	4502225069
2220	4502225069
2220	4502225069
2222	4502225069
2222	4502225069
2222	4502225069
22326	4501209867
226028735	4501078284
226028735	4501078284
2272	4501832669
22800	4501215215
229285	
229285	
229285	
2300095	4501253075
231884665	4501078284
231884665	4501078284
234603654	4501078284
234603654	4501078284
23539	4501215215
237320119	4501078284
237320119	4501078284
23795	4501110106
23836	4501230485
23848	4501075798
23848	4501075798
23848	4501075798
23848	4501075798
23848	4501075798
23848	4501075798
23848	4501075798
23848	4501075798
23848	4501075798
23848	4501075798
23848	4501075798
23848	4501075798
23848	4501075798
23848	4501075798
23848	4501075798
23848	4501075798
23848	4501075798
23848	4501075798
23848	4501075798
23848	4501075798
23848	4501075798
2386	4501132710
2405	4501832669
24525	4501230485
246	4502227543
24823	4501230485
24837	4501230485
25	4501229832
2505177	4501257748
25140	4501137100
2764	4502286485
283	4501216101
283	4501216101
283	4501216101
283	4501216101
283	4501216101
283	4501216101
283	4501216101
283	4501216101
283	4501216101
283	4501216101
283	4501216101
283	4501216101
283	4501216101
283	4501216101
283	4501216101
283	4501216101
283	4501216101
283	4501216101
283	4501216101
283	4501216101
283	4501216101
283	4501216101
283	4501216101
283	4501216101
283	4501216101
283	4501216101
283	4501216101
283	4501216101
283	4501216101
283	4501216101
283	4501216101
283	4501216101
283	4501269488
283	4501269488
283	4501269488
283	4501269488
283	4501269488
283	4501269488
283	4501269488
283	4501832669
28385	4501203653
29	4502220072
298	4501203537
299	4502227543
30297	4502242683
31119697	
31119697	
31119697	
31119697	
31119697	
31119697	
31119697	
31119697	
320	4501832669
32151331	4501241644
32151331	4501241644
32151331	4501241644
32151331	4501241644
32151331	4501241644
32151331	4501241644
322	4501832669
32238528	4501274465
32238545	4501272698
32456	4502035067
32541	4501277970
33197	4501216132
332	4502227543
3321242912	4501278423
33419	4501221585
33565	4502143761
339	4502227543
33942	4502143761
33974	4502143761
33994	4502098607
34041	4502143761
34077	4502143761
34694	4502102671
34915	4501980421
34920	4502102671
35177	4502102671
35181	4502102671
35188	4502102671
35190	4502102671
35302	4502074763
35359	4502102671
35360	4502102671
35385	4501980421
3556	4502323771
3556	4502323771
3556	4502323771
3556	4502323771
3556	4502323771
3556	4502323771
3556	4502323771
3556	4502323771
3556	4502323771
3556	4502323771
3556	4502323771
3556	4502323771
3556	4502323771
3556	4502323771
3556	4502323771
3556	4502323771
3556	4502323771
3556	4502323771
3556	4502323771
35690	4502166681
35858	4501980421
35859	4501980421
3597	4501192429
36093	4502102671
3628	4501242317
36441	4502143761
36448	4502035067
36449	4502035067
36455	4502035067
36457	4502035067
36460	4502035067
36462	4502035067
36464	4502035067
36522	4502035067
36524	4502035067
36542	4502098607
3671	4501832669
3683	4501186561
36842	4501851739
3685	4501200187
370421	4502318148
370421	4502318148
370421	4502318148
370439	4502319683
370439	4502319683
370439	4502319683
3707	4501258161
38520	4502143761
39400	4502161140
39403	4502164230
39424	4502158559
39470	4502165411
39470	4502165411
39470	4502165411
3951	4502162387
3951	4502162387
3951	4502162387
3952	4502165746
3952	4502165746
3952	4502165746
3953	4502162390
3953	4502162390
3953	4502162390
3986	4500655188
3987	4500655188
4007078	5500239291
4024084	5500238802
4041420	5500238699
4052243	5500239496
4052250	5500239496
4052253	5500239932
4052259	5500239429
408295	4501278134
41302	4502074763
4158379	5500261029
4158625	5500261027
41657	4501222766
42031	4502143761
42241	
425	4501980421
42818	4502278584
42818	4502278584
42818	4502278584
42946	4502281373
42946	4502281373
43006	5500242303
4345	4502334395
43586	4501267845
43586	4501267845
43586	4501267845
43586	4501267845
43586	4501267845
43604	4501268737
43604	4501268737
43990	4502070671
44416	4501276758
44416	4501276758
44416	4501276758
44416	4501276758
44416	4501276758
4478	5500238249
4479	5500238245
4480	5500238246
4495	
4498	5500243330
4499	5500243330
45	4502172572
4500	5500243331
4501	5500243331
4515100399800	4502228495
4515100399800	4502228495
4515100399800	4502228495
4515100399800	4502228495
4515100399800	4502228495
4515100399800	4502228495
4515100399800	4502228495
4515100399800	4502228495
4515100399800	4502228495
4515100399800	4502228495
4515100404000	
4515100404000	
4515100404000	
4515100404000	
4515100404000	
4515100404000	
4515100404000	
4515100404000	
4522	5500238248
4535	
46197	4502342380
4727	
4727	
4727	
4727	
4727	
4727	
4727	
4727	
4727	
4727	
4727	
4727	
4727	
4727	
4727	
4727	
4727	
4727	
4727	
4727	
4727	
4727	
4727	
4727	
4727	
4727	
4727	
4727	
4727	
4727	
4727	
4727	
4727	
4727	
4727	
4727	
4727	
4727	
4729	4501268286
489	4501273375
4930	4501276902
4930	4501276902
4958	
4958	
4958	
4967	
4967	
4967	
49890	4501265023
49890	4501265023
50480	4502342380
508203	4501220527
508203	4501220527
508203	4501220527
508203	4501220527
508203	4501220527
508203	4501220527
50912	4501225104
51	4501270259
51608	4501263544
5179056	4501194359
5179056	4501194359
52	4501270259
52171	4501277237
52171	4501277237
5227	4501149152
5235681	4501194359
5235681	4501194359
5235688	4501232168
5235689	4501232168
5235690	4501232168
5237618	4501232168
5240587	4501194359
5240587	4501194359
5242371	4501146910
5246607	4501232168
5246772	4501269682
5246772	4501269682
5246772	4501269682
5301	4501154332
5301	4501154332
5301	4501154332
5301	4501154332
5301	4501154332
5301	4501154332
5301	4501154332
5301	4501154332
5504104717	4502331486
5504104717	4502331486
5504106229	4502339667
5504106420	4501273128
5504113296	4501274230
5504113296	4501274230
5504113296	4501274230
5504113296	4501274230
5504113296	4501274230
5504113296	4501274230
5504113296	4501274230
5504113296	4501274230
5504113296	4501274230
5504113603	4501274230
5504121494	4502336668
5504122719	4501277804
5504125257	4501276681
5504125257	4501276681
5504125257	4501276681
5504125257	4501276681
551	4501253121
551	4501253121
551	4501253121
5561	4501248428
55867	
56	4501247838
58	4501259518
58825	
591	4502227543
59497	4502142926
59497	4502142926
59605	4502142926
59605	4502142926
5963	
5963	
5963	
5975	
5975	
5975	
59859	4502142926
59859	4502142926
59934	4502142926
59934	4502142926
600257416	4502333448
600257416	4502333448
600257416	4502333448
600257416	4502333448
60099	4502142926
60099	4502142926
60239	4502142926
60239	4502142926
60250	4502142926
60250	4502142926
60629	
60717	4502142926
60717	4502142926
61	4501262704
61065	4502142926
61065	4502142926
61216	4502142926
61216	4502142926
61625	4502142926
61625	4502142926
61635	4502142926
61635	4502142926
61989	4502142926
61989	4502142926
62099	4502142926
62099	4502142926
6221	4501132712
62555	4502142926
62555	4502142926
629	
63636	4502142926
63636	4502142926
637	
637	
637	
63834	4502142926
63834	4502142926
64090	4502142926
64090	4502142926
64261	4502175734
643	
64361	4502142926
64361	4502142926
64429	4502142926
64429	4502142926
649	
64965	4502142926
64965	4502142926
6534	4501254823
65445	4502142926
65445	4502142926
65633	4502142926
65633	4502142926
6582	4501196012
6582	4501196012
6582	4501196012
6583	4501203993
6583	4501203993
6583	4501203993
65875	4502142926
65875	4502142926
65899	4502142926
65899	4502142926
65926	4502142926
65926	4502142926
65964	4502142926
65964	4502142926
66244	4502142926
66244	4502142926
66266	4502142926
66266	4502142926
66278	4502142926
66278	4502142926
66335	4502142926
66335	4502142926
66351	4502142926
66351	4502142926
66531	4502142926
66531	4502142926
66860	4502142926
66860	4502142926
66874	
67310	4502142926
67310	4502142926
67311	4502142926
67311	4502142926
67316	4502142926
67316	4502142926
67339	4502142926
67339	4502142926
67418	4502142926
67418	4502142926
67427	4502073648
67427	4502073648
67696	4502142926
67696	4502142926
67716	4502142926
67716	4502142926
67723	4502142926
67723	4502142926
67792	4502142926
67792	4502142926
67993	4502142926
67993	4502142926
68373	4502142926
68373	4502142926
68748	4502142926
68748	4502142926
68936	4502073648
68936	4502073648
69070	4502142926
69070	4502142926
69396	4502142926
69396	4502142926
694	
69605	4502142926
69605	4502142926
69646	4502142926
69646	4502142926
69666	4502142926
69666	4502142926
69789	4502142926
69789	4502142926
69898	4502142926
69898	4502142926
69996	4502073648
69996	4502073648
70010	4502142926
70010	4502142926
70088	4502142926
70088	4502142926
70365	4502142926
70365	4502142926
70567	4502142926
70567	4502142926
70586	4502142926
70586	4502142926
70706	4502142926
70706	4502142926
708	
70858	4502142926
70858	4502142926
70879	4502142926
70879	4502142926
70917	4502142926
70917	4502142926
71205	4502142926
71205	4502142926
71207	4502142926
71207	4502142926
71542	4502142926
71542	4502142926
71565	4502142926
71565	4502142926
71627	4502142926
71627	4502142926
71673	4502073648
71673	4502073648
72221	4502073648
72221	4502073648
7223	4501276052
72430	4502142926
72430	4502142926
72523	4502142926
72523	4502142926
72536	4502142926
72536	4502142926
72550	4502073648
72550	4502073648
72581	4502326465
72582	4502328647
72626	4502329168
72626	4502329168
72626	4502329168
72626	4502329168
72626	4502329168
72626	4502329168
72626	4502329168
72637	4502329750
72637	4502329750
72637	4502329750
72637	4502329750
72639	4502329167
72639	4502329167
72639	4502329167
72639	4502329167
72639	4502329167
72639	4502329167
72639	4502329167
72639	4502329167
72639	4502329167
72639	4502329167
72640	4502329591
72640	4502329591
72640	4502329591
72640	4502329591
72640	4502329591
72640	4502329591
72640	4502329591
72640	4502329591
72640	4502329591
72640	4502329591
72640	4502329591
72695	4502319334
72696	4502327923
72697	4502329139
73052	4502073648
73052	4502073648
73089	4502142926
73089	4502142926
73263	4502338005
73328	4502142926
73328	4502142926
73366	5500261743
73413	4502142926
73413	4502142926
73433	4502142926
73433	4502142926
73830	4502220951
73975	4502142926
73975	4502142926
74080	
74080	
74088	
74088	
74088	
74090	
74090	
74090	
74210	4502220951
74494	4502142926
74494	4502142926
74618	4502073648
74618	4502073648
74641	4502142926
74641	4502142926
74793	4502142926
74793	4502142926
74869	4502142926
74869	4502142926
74991	4502142926
74991	4502142926
7537	4501120898
76280	4502073648
76280	4502073648
76299	4502073648
76299	4502073648
764	4501275757
76439	4502073648
76439	4502073648
76492	4502142926
76492	4502142926
76833	4502220951
77029	4502142926
77029	4502142926
77055	4502142926
77055	4502142926
77057	4502142926
77057	4502142926
77143	4502220951
77166	4502142926
77166	4502142926
77424	4502142926
77424	4502142926
77427	4502142926
77427	4502142926
77445	4502220951
77450	4502142926
77450	4502142926
77475	4502142926
77475	4502142926
77521	4502142926
77521	4502142926
77539	4502220951
77716	4502142926
77716	4502142926
78044	4502142926
78044	4502142926
78092	4501191995
78092	4501191995
78092	4501191995
78106	4502142926
78106	4502142926
78119	4502142926
78119	4502142926
78427	4502142926
78427	4502142926
785	
785	
785	
78557	4502142926
78557	4502142926
786	
786	
786	
78706	4502142926
78706	4502142926
78736	4502142926
78736	4502142926
79015	4502073648
79015	4502073648
79031	4502142926
79031	4502142926
79086	4502142926
79086	4502142926
79124	4502073648
79124	4502073648
79284	4502073648
79284	4502073648
79289	4502142926
79289	4502142926
79321	4502142926
79321	4502142926
79369	4502142926
79369	4502142926
79371	4502142926
79371	4502142926
79436	4502142926
79436	4502142926
79460	4502142926
79460	4502142926
79477	4502142926
79477	4502142926
79571	4502142926
79571	4502142926
79590	4502142926
79590	4502142926
79619	4502142926
79619	4502142926
79646	4502142926
79646	4502142926
798	
799	
79972	4502142926
79972	4502142926
80092	4502142926
80092	4502142926
80108	4502142926
80108	4502142926
80171	4502142926
80171	4502142926
80224	4502073648
80224	4502073648
80268	4502142926
80268	4502142926
80280	4502142926
80280	4502142926
80302	4502142926
80302	4502142926
80314	4502073648
80314	4502073648
80429	4502073648
80429	4502073648
80531	4502142926
80531	4502142926
80543	4502142926
80543	4502142926
80607	4502142926
80607	4502142926
80659	4502142926
80659	4502142926
80717	4502073648
80717	4502073648
80858	4502142926
80858	4502142926
80866	4502073648
80866	4502073648
80893	4502073648
80893	4502073648
80898	4502142926
80898	4502142926
80949	4502142926
80949	4502142926
80975	4502142926
80975	4502142926
80990	4502142926
80990	4502142926
81830	4502243616
81830	4502243616
81830	4502243616
81830	4502243616
81830	4502243616
81831	4502241325
82	4501257587
82	4501257587
831	4502227543
83291	4501241097
84861	4502142926
85693	4502073648
85693	4502073648
86451	
865	4501245528
8656	4501261088
8664	4502339531
872	4502117358
877	4502105003
878	4502117358
87844	4502142926
87844	4502142926
88454	4502142926
88454	4502142926
89091	4502142926
89091	4502142926
89876	4502142926
89876	4502142926
90133	4502238533
90133	4502238533
90783324	5500229030
91272011	5500019320
91339024	
91339024	
91341130	
91569	4502142926
91569	4502142926
919203458	4501252889
919203458	4501252889
92445	4502238533
92445	4502238533
92569	4502142926
92569	4502142926
92925	4502142926
92925	4502142926
93105	4502142926
93105	4502142926
93558	4502238533
93558	4502238533
93603	4502238533
93603	4502238533
93615	4502142926
93615	4502142926
93748	4502142926
93748	4502142926
93799	4502245518
9460	4501254861
948223	5500210202
96831	4502238533
96831	4502238533
9693	
97293	4502142926
97293	4502142926
97300	4502238533
97300	4502238533
97357	4502142926
97357	4502142926
97655	4502238533
97655	4502238533
98002234	4501117481
9809	
9809	
9809	
9809	
9809	
98628	4502142926
98628	4502142926
989	4501832669
98984	4502281891
98984	4502281891
98984	4502281891
98984	4502281891
98984	4502281891
98984	4502281891
A 186659	
A6CD76357ED4	4501271741
RAM4054945	5500238689
