01010927
01041161
010629
01064472
01084837
01092602
01126055
01140510
01213430
01216749
01217620
01232141
01239783
01244974
0125291
01262974
01265000
01272818
01277868
01286538
0142600
016761
02008427
0210060040
0210060040
0210060041
0210060041
0210060159
0210060159
0210060160
0210060160
0210061925
0210061925
0210061926
0210061926
0210068016
0210068017
023001007
0300014318
0300023452
0300024036
030002931
030003042
0300073911
0300116445
0300122151
030013051
0300132015
0300171268
0300183499
0300185189
04100017
05045193
05099578
074816
08002428
08016460
08016461
08016462
08016525
08016629
08017333
08019672
08019748
0850768
